46.49
62.53
72.14
74.45
74.55
75.45
75.85
78.16
78.56
80.16
82.36
83.97
86.67
87.37
88.18
88.18
88.18
89.58
89.98
90.38
90.38
90.38
90.68
90.88
91.18
91.58
91.58
91.98
92.28
92.28
92.89
93.19
93.19
93.19
93.79
94.19
94.19
94.19
94.19
94.59
94.59
94.59
94.99
94.99
94.99
94.99
94.99
94.99
94.99
96.09
96.09
96.09
96.09
96.09
96.09
96.09
96.09
96.09
96.09
96.09
96.09
96.09
96.09
96.09
96.09
96.09
96.09
96.39
96.39
96.39
97.09
97.09
97.09
97.39
97.39
97.39
97.39
97.39
97.39
97.39
97.39
97.39
97.39
97.39
97.39
97.39
97.39
97.39
97.39
97.39
97.39
97.39
97.70
97.70
97.70
98.00
98.00
98.00
98.00
98.00
98.00
98.00
98.30
98.30
98.30
98.30
98.30
98.30
98.30
98.30
98.60
98.60
98.60
98.60
98.60
98.60
98.60
98.60
98.60
98.60
98.60
98.60
98.60
98.60
98.60
98.60
98.60
98.60
98.60
98.60
98.90
98.90
98.90
98.90
98.90
98.90
98.90
98.90
98.90
98.90
98.90
98.90
98.90
98.90
98.90
98.90
98.90
98.90
98.90
98.90
98.90
98.90
98.90
98.90
98.90
98.90
98.90
98.90
98.90
98.90
98.90
98.90
98.90
98.90
98.90
98.90
98.90
98.90
98.90
98.90
98.90
98.90
98.90
98.90
98.90
98.90
98.90
98.90
98.90
98.90
98.90
98.90
98.90
98.90
98.90
98.90
98.90
98.90
98.90
98.90
98.90
98.90
98.90
98.90
98.90
98.90
98.90
98.90
98.90
98.90
